dlwrf          68.80273 506.42447 112.56491 462.66229
icec           0.00000e+00 1.00100 0.10010 0.90090
icetk          0.00000e+00 7.77140 0.77714 6.99426
land           0.00000e+00 2.00200 0.20020 1.80180
lhtfl          -124.70612 828.64862 -29.37065 733.31317
shtfl          -221.17439 618.82532 -137.17442 534.82532
snod           0.00000e+00 1.92318 0.19232 1.73086
spfh2m         1.62156e-05 0.02279 0.00229 0.02051
tisfc          202.93242 343.40829 216.98001 329.36072
uflx_ave       -1.81741 1.39752 -1.49592 1.07603
ugrd10m        -20.01769 23.82324 -15.63360 19.43914
ulwrf          98.28606 775.19635 165.97708 707.50531
vflx_ave       -1.96916 2.17254 -1.55499 1.75837
vgrd10m        -22.24522 20.69962 -17.95074 16.40514
tmp2m         210.0      320.0     240.0    310.0
