albsni_h       0.0      15000.0      1434.26355 12908.37109
congel_h       0.0          7.5         0.46140   4.15259
daidtd_h     -75.0         50.0       -47.02480  28.62006
daidtt_h     -50.0        200.0       -19.40201  48.81028
divu_h      -125.0        200.0       -78.52296  74.34538
dsnow_h       -7.5          7.5        -0.49910   1.29578
dvidtd_h    -139.41360    200.0      -109.09652 133.44016
dvidtt_h     -17.00221     50.0       -14.58800   4.72571
evap_h        -0.5          0.75       -0.26084   0.29086
fbot_h     -3858.92212      0.0     -3473.02979 -385.89221
flat_h      -125.0        400.0       -77.36472  88.29069
flwdn_h       80.0        475.0       135.82945 416.88196
flwup_h     -375.0       -145.0      -319.67184 -175.18512
frazil_h       0.0         50.0         0.28668   2.58016
fresh_h      -25.0         50.0e5      15.84375 221.76082
frzmlt_h      -1.3e6      150.0        -6.5e5    -7.0e4
fsalt_h       -1.0e-05      2.00e-01    7.34e-06  1.03e-04
fsens_h     -200.0        325.0       -98.72694 270.62170
fswabs_h       0.0        500.0        21.64201 194.77809
fswdn_h        0.0        900.0        34.55985 311.03867
hi_h           0.0         10.0         1.10321   9.92887
hs_h           0.0          1.8         0.19853   1.78679
meltb_h        0.0         17.39892     1.73989  15.65903
meltl_h        0.0          4.36102     0.43610   3.92492
melts_h        0.0          4.0         0.07278   0.65502
meltt_h        0.0         12.0         0.35076   3.15687
Qref_h         0.06644     23.07939     2.36773  20.77810
shear_h        0.0        196.80789    19.68079 177.12711
sice_h         0.0         27.5         2.38082  21.42738
sitempbot_h   -1.3e11     273.20950    -1.0e11   -1.2e11    
sitempsnic_h  -1.3e11    3000.0        -8.0e10   -922486336.0    
sitemptop_h  230.0        273.42316   234.59212 269.10858
snoice_h       0.0          6.0         0.27762  2.49858
snow_h         0.0          2.5         0.21414  1.92724
sss_h          4.0         40.1         7.56544 36.69051
sst_h         -1.92        35.0         1.29407 28.71846
Tair_h       -50.0         40.0       -33.43819 27.37443
Tref_h       -50.0         40.0       -33.00378 27.42270
Tsfc_h       -50.0          0.01      -38.41613 -4.26846
uvel_h        -0.75         0.75       -0.59845  0.25476
vvel_h        -0.75         0.75       -0.59716  0.19885
uatm_h       -25.0         25.0       -14.10364 15.24597
vatm_h       -25.0         25.0       -14.28100 14.17029
rain_h         0.0         16.53382     1.65338  14.88044
scale_factor_h 0.0        900.0        34.55985 311.03867
fhocn_h       -5.0e7        3.0     -7568.75146 -840.97235
strocnx_h     -0.5          1.0        -0.16720  0.29376
strocny_h     -0.75         1.0        -0.15868  0.30468
strairx_h     -1.25         1.0        -0.27634  0.33081
strairy_h     -0.75         1.0        -0.32700  0.24538
uocn_h        -2.0          2.0        -0.81461  0.70139
vocn_h        -2.5          1.5        -2.10651  0.49954
apond_h        0.0          1.0009      0.10010  0.90088
hpond_h        0.0          0.10        0.00307  0.02767
ipond_h        0.0          0.05        5.76e-04 0.00519
aice_h         0.0          1.00100     0.10010   0.90090
alidf_h        0.0        100.10001    10.01000  90.09000
alidr_h        0.0        100.10001    10.01000  90.09000
alvdf_h        0.0        100.10001    10.01000  90.09000
alvdr_h        0.0        100.10001    10.01000  90.09000
apeff_h        0.0          1.0         0.09471   0.85243
frz_onset_h    0.0        999.9         0.0      0.0
mlt_onset_h    0.0        999.9         0.0      0.0
